        0.399398               0.0305769         0.00267478
        0.712731             0.0506139         0.00212856
         1.21277              0.071568         0.00325168
          1.7149            0.074757         0.00509815
         2.21699             0.0853038         0.00811149
         2.71915             0.0629588          0.0121891
         3.39223            0.0521612          0.0143911
         4.40882          -0.033477          0.0257546
         5.42273            -0.181658          0.0443842
         6.75595            -0.365384           0.061477
         8.80759          -0.577863           0.123554
         10.8549           -1.14144           0.237204
         13.5333          -0.593826           0.280622
         17.6192          0.575972           0.520004
          23.242           -3.2455            1.02596
         33.5397           -8.65241            3.51961
         49.1099          -14.3939            6.04972
