         0.39605                0.048806          0.0107591
        0.701268               0.0680727         0.00942735
         1.20372              0.0758723          0.0161075
         1.70782            0.136333          0.0290428
         2.21157              0.0653621          0.0493711
         2.71513            -0.00615174          0.0776336
         3.37894            0.0540217          0.0904767
         4.39724             0.29059            0.16735
         5.42178            0.392714           0.264018
         6.73275            -0.899381           0.484534
         8.87921             0.212812           0.696138
         10.8125           -1.60529              1.705
         13.5206             -3.345            2.23989
         18.5234            -6.51088            5.16057
         21.0195          6.97428           0.727155
               0                         0                  0
               0                         0                  0
